75.01 73.575 12.719
79.658 62.595 12.719
72.117 62.788 12.719
77.164 50.589 12.719
83.428 53.982 12.719
87.096 43.688 12.719
81.812 39.61 12.719
85.581 30.997 12.719
92.042 33.9 12.719
89.25 20.702 12.719
94.196 10.915 12.719
98.883 18.027 12.719
96.648 -0.096 12.719
101.335 7.016 12.719
37.508 56.41 5.027
34.614 45.624 5.027
42.156 45.431 5.027
39.662 33.425 5.027
45.925 36.818 5.027
44.31 22.445 5.027
49.594 26.523 5.027
48.079 13.833 5.027
54.54 16.736 5.027
51.294 4.635 5.027
57.583 8.001 5.027
56.694 -6.25 5.027
61.381 0.862 5.027
64.574 -10.382 5.027